# Configuracion:
# Concentracion g/m^3_=_8100.0
# C_Vs_to_Am_M_A/Vsm_=_254322799225.57578
# pendiente_HvsI_1/m_=_3716.3
# ordenada_HvsI_A/m_=_1297.0
# frecuencia_ref_Hz_=_264106.7903978708
# 
Resultados:
# tau_s_=_(2.06+/-0.05)e-08
# dphi_rad_=_6.32+/-0.00
# SAR_W/g_=_167.84+/-4.37
# Hc_kA/m_=_3.07+/-0.04
# Mr_A/m_=_47.20+/-0.89
# Suceptibilidad_a_M=0_=_0.0156+/-0.0003

Nombre_archivo	Time_m	Temperatura_(ºC)	Mr_(A/m)	Hc_(kA/m)	Campo_max_(A/m)	Mag_max_(A/m)	f0	mag0	dphi0	SAR_(W/g)	Tau_(s)	N	xi_M_0
265kHz_150dA_100Mss_Ni0sRC005.txt	23/05/2024 15:05:27	19.7	45.73	3.07	57041.50	612.18	2.640845e+05	9.881042e+00	6.317579e+00	168.29	2.073511e-08	4544	1.517e-02
265kHz_150dA_100Mss_Ni0sRC006.txt	23/05/2024 15:05:29	19.8	46.21	3.06	57041.50	610.27	2.641426e+05	9.884123e+00	6.318232e+00	171.58	2.112902e-08	4543	1.524e-02
265kHz_150dA_100Mss_Ni0sRC007.txt	23/05/2024 15:05:30	19.8	46.21	3.06	57041.50	610.37	2.640845e+05	9.860390e+00	6.317109e+00	165.64	2.045126e-08	4544	1.531e-02
265kHz_150dA_100Mss_Ni0sRC008.txt	23/05/2024 15:05:31	19.8	46.06	3.05	57041.50	610.69	2.640845e+05	9.876836e+00	6.317371e+00	167.20	2.060942e-08	4544	1.548e-02
265kHz_150dA_100Mss_Ni0sRC009.txt	23/05/2024 15:05:32	19.8	46.82	3.06	57041.50	617.30	2.640845e+05	1.000118e+01	6.317745e+00	171.16	2.083545e-08	4544	1.558e-02
265kHz_150dA_100Mss_Ni0sRC010.txt	23/05/2024 15:05:33	19.8	46.53	3.08	57041.50	608.16	2.640845e+05	9.856263e+00	6.317903e+00	169.45	2.093034e-08	4544	1.542e-02
265kHz_150dA_100Mss_Ni0sRC011.txt	23/05/2024 15:05:34	19.8	46.40	3.05	57041.50	605.37	2.640845e+05	9.813934e+00	6.316249e+00	160.69	1.993262e-08	4544	1.541e-02
265kHz_150dA_100Mss_Ni0sRC012.txt	23/05/2024 15:05:35	19.8	47.10	3.15	57041.50	600.09	2.641426e+05	9.761214e+00	6.317968e+00	168.16	2.096947e-08	4543	1.523e-02
265kHz_150dA_100Mss_Ni0sRC013.txt	23/05/2024 15:05:36	19.8	46.88	3.08	57041.50	608.66	2.640845e+05	9.878139e+00	6.318383e+00	172.17	2.121991e-08	4544	1.558e-02
265kHz_150dA_100Mss_Ni0sRC014.txt	23/05/2024 15:05:37	19.9	46.08	3.00	57041.50	611.92	2.640845e+05	9.924095e+00	6.316288e+00	162.68	1.995604e-08	4544	1.559e-02
265kHz_150dA_100Mss_Ni0sRC015.txt	23/05/2024 15:05:38	19.8	47.68	3.12	57041.50	606.40	2.641426e+05	9.884529e+00	6.316802e+00	164.59	2.026645e-08	4543	1.548e-02
265kHz_150dA_100Mss_Ni0sRC016.txt	23/05/2024 15:05:39	19.8	47.19	3.09	57041.50	615.44	2.640845e+05	9.962082e+00	6.318267e+00	173.06	2.115018e-08	4544	1.555e-02
265kHz_150dA_100Mss_Ni0sRC017.txt	23/05/2024 15:05:40	19.9	48.53	3.18	57041.50	609.46	2.640845e+05	9.902447e+00	6.318816e+00	174.72	2.148121e-08	4544	1.554e-02
265kHz_150dA_100Mss_Ni0sRC018.txt	23/05/2024 15:05:41	19.9	47.74	3.10	57041.50	610.70	2.640845e+05	9.901008e+00	6.317758e+00	169.51	2.084297e-08	4544	1.566e-02
265kHz_150dA_100Mss_Ni0sRC019.txt	23/05/2024 15:05:44	19.9	46.95	3.02	57041.50	613.49	2.641426e+05	9.958296e+00	6.317331e+00	168.42	2.058544e-08	4543	1.581e-02
265kHz_150dA_100Mss_Ni0sRC020.txt	23/05/2024 15:05:45	19.9	46.96	3.05	57041.50	612.45	2.640845e+05	9.891399e+00	6.316825e+00	164.78	2.027978e-08	4544	1.581e-02
265kHz_150dA_100Mss_Ni0sRC021.txt	23/05/2024 15:05:46	19.9	48.07	3.10	57041.50	613.52	2.640845e+05	9.965843e+00	6.317993e+00	171.78	2.098440e-08	4544	1.580e-02
265kHz_150dA_100Mss_Ni0sRC022.txt	23/05/2024 15:05:47	19.9	47.35	3.05	57041.50	613.64	2.641426e+05	9.937736e+00	6.317449e+00	168.65	2.065637e-08	4543	1.578e-02
265kHz_150dA_100Mss_Ni0sRC023.txt	23/05/2024 15:05:48	19.9	46.73	3.02	57041.50	616.72	2.641426e+05	9.978844e+00	6.317396e+00	169.09	2.062487e-08	4543	1.574e-02
265kHz_150dA_100Mss_Ni0sRC024.txt	23/05/2024 15:05:49	19.9	47.60	3.03	57041.50	616.71	2.641426e+05	1.000560e+01	6.316986e+00	167.51	2.037717e-08	4543	1.597e-02
265kHz_150dA_100Mss_Ni0sRC025.txt	23/05/2024 15:05:50	19.9	47.51	3.03	57041.50	616.05	2.641426e+05	9.996885e+00	6.316684e+00	165.87	2.019510e-08	4543	1.587e-02
265kHz_150dA_100Mss_Ni0sRC026.txt	23/05/2024 15:05:52	19.9	49.37	3.16	57041.50	612.99	2.640845e+05	9.999163e+00	6.317443e+00	169.63	2.065268e-08	4544	1.597e-02
265kHz_150dA_100Mss_Ni0sRC027.txt	23/05/2024 15:05:53	19.9	48.00	3.08	57041.50	611.63	2.640845e+05	9.929326e+00	6.317767e+00	170.03	2.084803e-08	4544	1.582e-02
265kHz_150dA_100Mss_Ni0sRC028.txt	23/05/2024 15:05:54	19.9	48.55	3.09	57041.50	614.19	2.640845e+05	9.992406e+00	6.316288e+00	163.80	1.995626e-08	4544	1.601e-02
265kHz_150dA_100Mss_Ni0sRC029.txt	23/05/2024 15:05:55	19.9	47.78	3.05	57041.50	617.28	2.640845e+05	9.992611e+00	6.317115e+00	167.89	2.045469e-08	4544	1.609e-02
265kHz_150dA_100Mss_Ni0sRC030.txt	23/05/2024 15:05:56	19.9	48.20	3.05	57041.50	619.93	2.640845e+05	1.005970e+01	6.317767e+00	172.27	2.084840e-08	4544	1.606e-02
265kHz_150dA_100Mss_Ni0sRC031.txt	23/05/2024 15:05:57	20.0	46.23	3.02	57041.50	609.14	2.641426e+05	9.897643e+00	6.314380e+00	152.93	1.880506e-08	4543	1.556e-02
