# Configuracion:
# Concentracion g/m^3_=_8100.0
# C_Vs_to_Am_M_A/Vsm_=_254322799225.57578
# pendiente_HvsI_1/m_=_3716.3
# ordenada_HvsI_A/m_=_1297.0
# frecuencia_ref_Hz_=_263779.2191163127
# 
Resultados:
# tau_s_=_(3.50+/-0.59)e-08
# dphi_rad_=_6.34+/-0.01
# SAR_W/g_=_114.08+/-18.98
# Hc_kA/m_=_3.12+/-0.33
# Mr_A/m_=_36.39+/-4.02
# Suceptibilidad_a_M=0_=_0.0120+/-0.0001

Nombre_archivo	Time_m	Temperatura_(ºC)	Mr_(A/m)	Hc_(kA/m)	Campo_max_(A/m)	Mag_max_(A/m)	f0	mag0	dphi0	SAR_(W/g)	Tau_(s)	N	xi_M_0
265kHz_100dA_100Mss_Ni0sRC005.txt	23/05/2024 15:18:22	19.8	35.46	3.06	38460.00	388.16	2.637942e+05	5.996395e+00	6.339672e+00	112.93	3.411971e-08	4549	1.203e-02
265kHz_100dA_100Mss_Ni0sRC006.txt	23/05/2024 15:18:23	19.8	39.32	3.36	38460.00	392.40	2.637942e+05	5.988584e+00	6.347666e+00	128.72	3.896083e-08	4549	1.205e-02
265kHz_100dA_100Mss_Ni0sRC007.txt	23/05/2024 15:18:24	19.8	34.86	2.98	38460.00	388.18	2.637942e+05	6.016579e+00	6.337749e+00	109.46	3.295536e-08	4549	1.212e-02
265kHz_100dA_100Mss_Ni0sRC009.txt	23/05/2024 15:18:26	19.8	40.65	3.44	38460.00	388.79	2.637942e+05	5.976469e+00	6.349473e+00	132.06	4.005539e-08	4549	1.217e-02
265kHz_100dA_100Mss_Ni0sRC010.txt	23/05/2024 15:18:27	19.9	34.52	3.00	38460.00	389.69	2.637942e+05	5.930507e+00	6.336243e+00	104.92	3.204426e-08	4549	1.195e-02
265kHz_100dA_100Mss_Ni0sRC012.txt	23/05/2024 15:18:30	19.9	28.78	2.48	38460.00	395.33	2.637942e+05	6.005049e+00	6.321787e+00	77.31	2.330342e-08	4549	1.184e-02
265kHz_100dA_100Mss_Ni0sRC013.txt	23/05/2024 15:18:31	19.9	32.74	2.81	38460.00	384.95	2.637942e+05	5.928727e+00	6.332072e+00	96.65	2.952067e-08	4549	1.192e-02
265kHz_100dA_100Mss_Ni0sRC014.txt	23/05/2024 15:18:32	19.9	36.93	3.15	38460.00	372.52	2.637942e+05	5.915248e+00	6.343954e+00	119.84	3.671223e-08	4549	1.197e-02
265kHz_100dA_100Mss_Ni0sRC015.txt	23/05/2024 15:18:33	19.9	38.89	3.31	38460.00	374.87	2.637942e+05	5.914771e+00	6.348261e+00	128.31	3.932166e-08	4549	1.212e-02
265kHz_100dA_100Mss_Ni0sRC016.txt	23/05/2024 15:18:34	19.9	43.48	3.71	38460.00	369.56	2.637942e+05	5.848700e+00	6.361768e+00	153.16	4.751356e-08	4549	1.197e-02
265kHz_100dA_100Mss_Ni0sRC017.txt	23/05/2024 15:18:35	19.9	35.53	3.07	38460.00	375.40	2.637942e+05	5.855382e+00	6.340444e+00	111.78	3.458569e-08	4549	1.183e-02
265kHz_100dA_100Mss_Ni0sRC018.txt	23/05/2024 15:18:36	19.9	31.46	2.70	38460.00	394.72	2.637942e+05	5.956181e+00	6.328772e+00	90.54	2.752549e-08	4549	1.199e-02
265kHz_100dA_100Mss_Ni0sRC019.txt	23/05/2024 15:18:38	19.9	41.10	3.50	38460.00	371.50	2.637942e+05	5.874552e+00	6.354480e+00	139.60	4.309141e-08	4549	1.206e-02
265kHz_100dA_100Mss_Ni0sRC020.txt	23/05/2024 15:18:39	19.9	39.07	3.34	38460.00	380.19	2.637942e+05	5.897610e+00	6.346185e+00	123.86	3.806252e-08	4549	1.209e-02
265kHz_100dA_100Mss_Ni0sRC021.txt	23/05/2024 15:18:40	19.9	43.15	3.67	38460.00	385.22	2.637942e+05	5.854557e+00	6.355958e+00	142.00	4.398707e-08	4549	1.215e-02
265kHz_100dA_100Mss_Ni0sRC022.txt	23/05/2024 15:18:42	19.9	30.85	2.68	38460.00	383.20	2.637942e+05	5.856045e+00	6.329747e+00	90.92	2.811457e-08	4549	1.181e-02
265kHz_100dA_100Mss_Ni0sRC023.txt	23/05/2024 15:18:43	19.9	37.70	3.25	38460.00	372.62	2.637942e+05	5.822693e+00	6.343393e+00	116.87	3.637145e-08	4549	1.201e-02
265kHz_100dA_100Mss_Ni0sRC024.txt	23/05/2024 15:18:44	19.9	33.73	2.94	38460.00	380.53	2.637942e+05	5.859785e+00	6.334996e+00	101.23	3.128922e-08	4549	1.190e-02
265kHz_100dA_100Mss_Ni0sRC025.txt	23/05/2024 15:18:45	19.9	29.76	2.58	38460.00	386.73	2.637942e+05	5.885422e+00	6.323626e+00	79.37	2.441464e-08	4549	1.184e-02
265kHz_100dA_100Mss_Ni0sRC026.txt	23/05/2024 15:18:46	19.9	33.22	2.88	38460.00	377.92	2.637942e+05	5.855025e+00	6.335189e+00	101.53	3.140635e-08	4549	1.192e-02
265kHz_100dA_100Mss_Ni0sRC027.txt	23/05/2024 15:18:47	19.9	37.95	3.25	38460.00	391.50	2.637942e+05	5.853503e+00	6.343518e+00	117.73	3.644753e-08	4549	1.196e-02
265kHz_100dA_100Mss_Ni0sRC028.txt	23/05/2024 15:18:48	19.9	39.71	3.37	38460.00	380.75	2.637942e+05	5.891873e+00	6.347703e+00	126.72	3.898260e-08	4549	1.217e-02
265kHz_100dA_100Mss_Ni0sRC029.txt	23/05/2024 15:18:50	19.9	40.19	3.41	38460.00	388.54	2.637942e+05	5.909915e+00	6.347757e+00	127.21	3.901508e-08	4549	1.219e-02
265kHz_100dA_100Mss_Ni0sRC030.txt	23/05/2024 15:18:51	19.9	34.25	2.96	38460.00	379.21	2.637942e+05	5.879058e+00	6.336898e+00	105.29	3.244082e-08	4549	1.203e-02
