# Configuracion:
# Concentracion g/m^3_=_8100.0
# C_Vs_to_Am_M_A/Vsm_=_254322799225.57578
# pendiente_HvsI_1/m_=_3716.3
# ordenada_HvsI_A/m_=_1297.0
# frecuencia_ref_Hz_=_263786.50161245995
# 
Resultados:
# tau_s_=_(3.25+/-0.41)e-08
# dphi_rad_=_6.34+/-0.01
# SAR_W/g_=_136.39+/-16.80
# Hc_kA/m_=_2.95+/-0.20
# Mr_A/m_=_44.01+/-3.00
# Suceptibilidad_a_M=0_=_0.0151+/-0.0001

Nombre_archivo	Time_m	Temperatura_(ºC)	Mr_(A/m)	Hc_(kA/m)	Campo_max_(A/m)	Mag_max_(A/m)	f0	mag0	dphi0	SAR_(W/g)	Tau_(s)	N	xi_M_0
265kHz_100dA_100Mss_Ni0sRC006.txt	23/05/2024 15:22:14	20.5	40.27	2.74	38460.00	491.98	2.637942e+05	7.612147e+00	6.330175e+00	119.28	2.837246e-08	4549	1.477e-02
265kHz_100dA_100Mss_Ni0sRC007.txt	23/05/2024 15:22:15	20.4	42.23	2.86	38460.00	494.64	2.637942e+05	7.650551e+00	6.333111e+00	127.36	3.014820e-08	4549	1.501e-02
265kHz_100dA_100Mss_Ni0sRC008.txt	23/05/2024 15:22:16	20.5	43.09	2.89	38460.00	499.01	2.637942e+05	7.708997e+00	6.332559e+00	126.92	2.981380e-08	4549	1.520e-02
265kHz_100dA_100Mss_Ni0sRC009.txt	23/05/2024 15:22:17	20.4	46.36	3.09	38460.00	487.90	2.637942e+05	7.634239e+00	6.344986e+00	157.28	3.733418e-08	4549	1.524e-02
265kHz_100dA_100Mss_Ni0sRC010.txt	23/05/2024 15:22:18	20.4	43.72	2.95	38460.00	484.17	2.637942e+05	7.594872e+00	6.339321e+00	142.15	3.390372e-08	4549	1.517e-02
265kHz_100dA_100Mss_Ni0sRC011.txt	23/05/2024 15:22:19	20.5	42.46	2.89	38460.00	481.92	2.637942e+05	7.542346e+00	6.337093e+00	135.57	3.255584e-08	4549	1.493e-02
265kHz_100dA_100Mss_Ni0sRC012.txt	23/05/2024 15:22:20	20.4	46.77	3.17	38460.00	480.03	2.637942e+05	7.516234e+00	6.344430e+00	153.46	3.699719e-08	4549	1.503e-02
265kHz_100dA_100Mss_Ni0sRC013.txt	23/05/2024 15:22:22	20.4	44.28	2.99	38460.00	483.27	2.637942e+05	7.545292e+00	6.341752e+00	147.33	3.537576e-08	4549	1.501e-02
265kHz_100dA_100Mss_Ni0sRC014.txt	23/05/2024 15:22:23	20.4	42.01	2.84	38460.00	489.23	2.637942e+05	7.595118e+00	6.331493e+00	122.34	2.916919e-08	4549	1.512e-02
265kHz_100dA_100Mss_Ni0sRC015.txt	23/05/2024 15:22:24	20.4	39.09	2.65	38460.00	489.62	2.637942e+05	7.576216e+00	6.327563e+00	112.12	2.679311e-08	4549	1.490e-02
265kHz_100dA_100Mss_Ni0sRC016.txt	23/05/2024 15:22:25	20.4	45.08	3.04	38460.00	484.48	2.637942e+05	7.591353e+00	6.340405e+00	144.82	3.456196e-08	4549	1.510e-02
265kHz_100dA_100Mss_Ni0sRC017.txt	23/05/2024 15:22:26	20.4	38.66	2.57	38460.00	492.21	2.637942e+05	7.662972e+00	6.328804e+00	116.57	2.754370e-08	4549	1.516e-02
265kHz_100dA_100Mss_Ni0sRC018.txt	23/05/2024 15:22:27	20.4	45.31	3.06	38460.00	482.75	2.637942e+05	7.573398e+00	6.340114e+00	143.74	3.438466e-08	4549	1.510e-02
265kHz_100dA_100Mss_Ni0sRC019.txt	23/05/2024 15:22:30	20.4	46.04	3.07	38460.00	485.93	2.637942e+05	7.630770e+00	6.341928e+00	149.44	3.548368e-08	4549	1.524e-02
265kHz_100dA_100Mss_Ni0sRC020.txt	23/05/2024 15:22:31	20.3	41.40	2.76	38460.00	492.02	2.637942e+05	7.616085e+00	6.329620e+00	117.93	2.803681e-08	4549	1.520e-02
265kHz_100dA_100Mss_Ni0sRC021.txt	23/05/2024 15:22:32	20.3	44.96	2.99	38460.00	494.96	2.637942e+05	7.666414e+00	6.335725e+00	134.30	3.172976e-08	4549	1.517e-02
265kHz_100dA_100Mss_Ni0sRC022.txt	23/05/2024 15:22:33	20.4	40.97	2.73	38460.00	494.18	2.637942e+05	7.641093e+00	6.327800e+00	113.68	2.693653e-08	4549	1.511e-02
265kHz_100dA_100Mss_Ni0sRC023.txt	23/05/2024 15:22:34	20.3	49.33	3.30	38460.00	479.02	2.637942e+05	7.552928e+00	6.347730e+00	162.51	3.899774e-08	4549	1.519e-02
265kHz_100dA_100Mss_Ni0sRC024.txt	23/05/2024 15:22:36	20.3	51.86	3.47	38460.00	474.12	2.637942e+05	7.554761e+00	6.354445e+00	179.43	4.306842e-08	4549	1.534e-02
265kHz_100dA_100Mss_Ni0sRC025.txt	23/05/2024 15:22:37	20.3	42.96	2.84	38460.00	496.49	2.637942e+05	7.689297e+00	6.331223e+00	123.17	2.900606e-08	4549	1.529e-02
265kHz_100dA_100Mss_Ni0sRC026.txt	23/05/2024 15:22:38	20.3	41.59	2.78	38460.00	490.98	2.637942e+05	7.625679e+00	6.329631e+00	118.11	2.804295e-08	4549	1.523e-02
265kHz_100dA_100Mss_Ni0sRC027.txt	23/05/2024 15:22:39	20.3	46.75	3.13	38460.00	478.64	2.637942e+05	7.542462e+00	6.341926e+00	147.71	3.548166e-08	4549	1.523e-02
265kHz_100dA_100Mss_Ni0sRC028.txt	23/05/2024 15:22:40	20.3	45.35	3.03	38460.00	484.72	2.637942e+05	7.573253e+00	6.338239e+00	139.01	3.325019e-08	4549	1.522e-02
265kHz_100dA_100Mss_Ni0sRC029.txt	23/05/2024 15:22:41	20.3	43.64	2.91	38460.00	490.51	2.637942e+05	7.630700e+00	6.333466e+00	127.93	3.036199e-08	4549	1.540e-02
265kHz_100dA_100Mss_Ni0sRC030.txt	23/05/2024 15:22:42	20.3	46.11	3.06	38460.00	485.28	2.637942e+05	7.613415e+00	6.341363e+00	147.67	3.514200e-08	4549	1.529e-02
